49979693
49979737
49979767
49979777
49979791
49979821
49979827
49979837
49979869
49979893
49979921
49979939
49979947
49979957
49979959
49979971
49979977
49979999
49980001
49980019
49980041
49980043
49980067
49980071
49980083
49980101
49980109
49980121
49980143
49980157
49980163
49980169
49980181
49980251
49980263
49980313
49980331
49980349
49980373
49980409
49980419
49980421
49980457
49980461
49980473
49980481
49980487
49980509
49980529
49980551
49980569
49980571
49980617
49980653
49980677
49980683
49980703
49980713
49980737
49980739
49980743
49980761
49980781
49980841
49980869
49980871
49980883
49980893
49980907
49980919
49980923
49980937
49980943
49980971
49980979
49980989
49980991
49981079
49981081
49981111
49981171
49981199
49981219
49981237
49981247
49981249
49981259
49981271
49981301
49981307
49981357
49981391
49981409
49981417
49981423
49981427
49981429
49981433
49981439
49981441
49981447
49981489
49981499
49981511
49981537
49981559
49981577
49981637
49981639
49981643
49981663
49981681
49981693
49981697
49981699
49981787
49981801
49981807
49981823
49981861
49981873
49981879
49981907
49981927
49981937
49981961
49981963
49981969
49981973
49981979
49981999
49982003
49982011
49982029
49982033
49982069
49982071
49982077
49982087
49982099
49982111
49982113
49982117
49982123
49982143
49982183
49982189
49982203
49982237
49982279
49982281
49982287
49982333
49982347
49982377
49982389
49982411
49982417
49982419
49982437
49982453
49982459
49982467
49982477
49982503
49982539
49982549
49982563
49982609
49982627
49982629
49982687
49982701
49982717
49982719
49982743
49982773
49982789
49982791
49982827
49982843
49982857
49982879
49982909
49982917
49982957
49982983
49983001
49983007
49983013
49983019
49983047
49983049
49983061
49983079
49983083
49983103
49983107
49983113
49983127
49983133
49983151
49983161
49983169
49983203
49983239
49983251
49983299
49983313
49983343
49983359
49983371
49983389
49983397
49983449
49983457
49983467
49983473
49983497
49983499
49983523
49983533
49983569
49983589
49983643
49983649
49983653
49983667
49983671
49983683
49983709
49983727
49983763
49983799
49983821
49983833
49983841
49983847
49983877
49983883
49983917
49983919
49983937
49983959
49983971
49984007
49984009
49984013
49984031
49984057
49984061
49984069
49984111
49984153
49984163
49984201
49984273
49984283
49984321
49984339
49984349
49984367
49984381
49984393
49984399
49984409
49984433
49984463
49984481
49984483
49984489
49984511
49984513
49984523
49984537
49984541
49984549
49984553
49984579
49984591
49984609
49984631
49984657
49984663
49984667
49984673
49984691
49984703
49984721
49984723
49984733
49984757
49984783
49984789
49984793
49984807
49984813
49984843
49984849
49984873
49984897
49984903
49984931
49984939
49984967
49984993
49984997
49984999
49985011
49985053
49985057
49985059
49985069
49985081
49985099
49985101
49985119
49985129
49985147
49985239
49985249
49985269
49985281
49985323
49985359
49985381
49985387
49985399
49985459
49985471
49985489
49985513
49985521
49985527
49985563
49985587
49985623
49985629
49985641
49985653
49985669
49985687
49985699
49985701
49985707
49985711
49985717
49985753
49985759
49985773
49985777
49985783
49985807
49985813
49985839
49985861
49985867
49985869
49985893
49985989
49985993
49986019
49986029
49986031
49986067
49986071
49986113
49986121
49986127
49986151
49986163
49986173
49986179
49986187
49986191
49986241
49986259
49986263
49986269
49986271
49986289
49986301
49986317
49986319
49986323
49986329
49986373
49986379
49986407
49986437
49986451
49986457
49986463
49986487
49986493
49986499
49986509
49986523
49986527
49986529
49986553
49986557
49986577
49986581
49986619
49986641
49986649
49986707
49986733
49986737
49986743
49986767
49986773
49986829
49986841
49986847
49986883
49986899
49986917
49986931
49986943
49986947
49986961
49986971
49986997
49987051
49987061
49987087
49987099
49987129
49987163
49987169
49987177
49987181
49987207
49987229
49987253
49987277
49987279
49987351
49987369
49987381
49987391
49987393
49987397
49987409
49987411
49987417
49987433
49987439
49987453
49987477
49987501
49987517
49987523
49987529
49987577
49987583
49987589
49987603
49987643
49987661
49987673
49987687
49987711
49987739
49987741
49987747
49987753
49987757
49987759
49987771
49987781
49987783
49987813
49987823
49987843
49987877
49987891
49987907
49987919
49987921
49987981
49988009
49988017
49988021
49988033
49988101
49988111
49988173
49988201
49988209
49988243
49988249
49988261
49988287
49988303
49988353
49988371
49988377
49988441
49988447
49988467
49988501
49988507
49988509
49988513
49988531
49988537
49988557
49988569
49988573
49988621
49988623
49988641
49988651
49988657
49988669
49988671
49988693
49988797
49988801
49988803
49988831
49988843
49988849
49988879
49988893
49988903
49988921
49988923
49988927
49988933
49988969
49988977
49989007
49989029
49989031
49989139
49989179
49989187
49989217
49989227
49989283
49989293
49989311
49989319
49989347
49989353
49989371
49989427
49989481
49989491
49989497
49989523
49989539
49989559
49989581
49989587
49989593
49989631
49989637
49989659
49989671
49989691
49989727
49989733
49989739
49989749
49989757
49989769
49989773
49989791
49989799
49989851
49989853
49989871
49989883
49989967
49989983
49989991
49990069
49990091
49990103
49990117
49990139
49990147
49990189
49990223
49990249
49990261
49990267
49990277
49990337
49990361
49990363
49990373
49990399
49990427
49990453
49990481
49990483
49990487
49990511
49990529
49990531
49990547
49990559
49990601
49990609
49990613
49990649
49990679
49990723
49990739
49990747
49990771
49990783
49990807
49990813
49990823
49990847
49990873
49990907
49990921
49990943
49990951
49990961
49990973
49990981
49991017
49991023
49991047
49991063
49991077
49991089
49991093
49991111
49991131
49991141
49991143
49991159
49991173
49991197
49991209
49991219
49991239
49991257
49991267
49991281
49991371
49991377
49991401
49991411
49991429
49991479
49991483
49991531
49991537
49991549
49991609
49991629
49991653
49991681
49991701
49991707
49991723
49991729
49991731
49991741
49991779
49991789
49991801
49991803
49991819
49991839
49991861
49991873
49991891
49991927
49991993
49991999
49992013
49992017
49992029
49992031
49992037
49992049
49992073
49992077
49992083
49992127
49992139
49992157
49992167
49992169
49992191
49992199
49992203
49992209
49992221
49992253
49992281
49992289
49992301
49992353
49992361
49992377
49992379
49992413
49992469
49992497
49992511
49992521
49992541
49992559
49992577
49992583
49992689
49992697
49992721
49992737
49992757
49992769
49992773
49992779
49992791
49992793
49992821
49992827
49992841
49992847
49992851
49992853
49992871
49992907
49992931
49992949
49992967
49992973
49992989
49992997
49993033
49993051
49993057
49993061
49993067
49993079
49993087
49993091
49993103
49993117
49993147
49993171
49993193
49993201
49993211
49993271
49993337
49993357
49993387
49993403
49993409
49993417
49993429
49993441
49993451
49993453
49993501
49993507
49993519
49993543
49993547
49993589
49993627
49993633
49993663
49993679
49993721
49993729
49993733
49993817
49993843
49993849
49993861
49993913
49993939
49993943
49993949
49993961
49993963
49993967
49993969
49993987
49994003
49994017
49994023
49994033
49994039
49994053
49994071
49994081
49994099
49994143
49994167
49994201
49994207
49994209
49994213
49994233
49994239
49994257
49994353
49994383
49994401
49994407
49994443
49994471
49994473
49994507
49994533
49994543
49994557
49994587
49994591
49994627
49994629
49994641
49994647
49994687
49994689
49994701
49994717
49994729
49994731
49994759
49994783
49994827
49994839
49994849
49994851
49994873
49994891
49994897
49994951
49994983
49994993
49995041
49995053
49995073
49995083
49995089
49995091
49995107
49995119
49995131
49995149
49995191
49995193
49995221
49995223
49995241
49995259
49995287
49995293
49995347
49995371
49995373
49995389
49995457
49995461
49995481
49995493
49995497
49995527
49995557
49995559
49995563
49995581
49995599
49995611
49995613
49995637
49995679
49995683
49995689
49995697
49995719
49995761
49995779
49995787
49995791
49995809
49995811
49995823
49995853
49995863
49995893
49995899
49995919
49995941
49995943
49996033
49996073
49996103
49996117
49996123
49996157
49996159
49996223
49996231
49996237
49996241
49996249
49996253
49996259
49996301
49996321
49996327
49996333
49996367
49996381
49996399
49996403
49996409
49996421
49996469
49996477
49996489
49996571
49996601
49996603
49996631
49996633
49996663
49996679
49996703
49996721
49996741
49996757
49996763
49996781
49996787
49996789
49996799
49996811
49996819
49996829
49996909
49996913
49996937
49996943
49996951
49996981
49996987
49996997
49997023
49997029
49997033
49997039
49997041
49997063
49997069
49997071
49997093
49997117
49997159
49997161
49997201
49997251
49997267
49997281
49997287
49997309
49997317
49997351
49997371
49997399
49997407
49997411
49997447
49997473
49997483
49997489
49997501
49997509
49997567
49997581
49997587
49997617
49997687
49997729
49997747
49997771
49997803
49997807
49997809
49997821
49997869
49997891
49997897
49997903
49997933
49997953
49997977
49997999
49998007
49998019
49998023
49998029
49998031
49998043
49998103
49998107
49998127
49998163
49998167
49998181
49998197
49998203
49998209
49998217
49998283
49998301
49998313
49998317
49998323
49998337
49998353
49998371
49998397
49998401
49998419
49998427
49998437
49998463
49998469
49998491
49998493
49998511
49998517
49998521
49998539
49998563
49998587
49998593
49998601
49998617
49998623
49998653
49998659
49998661
49998727
49998743
49998749
49998763
49998779
49998791
49998811
49998821
49998827
49998841
49998857
49998869
49998911
49998913
49998917
49998919
49998931
49998947
49998953
49998983
49999031
49999069
49999111
49999121
49999133
49999151
49999177
49999207
49999231
49999253
49999267
49999289
49999291
49999297
49999307
49999349
49999351
49999361
49999387
49999403
49999409
49999423
49999427
49999441
49999463
49999471
49999489
49999529
49999553
49999561
49999589
49999597
49999603
49999613
49999619
49999627
49999637
49999639
49999643
49999667
49999673
49999693
49999699
49999711
49999739
49999751
49999753
49999757
49999759
49999777
49999783
49999801
49999819
49999843
49999847
49999853
49999877
49999883
49999897
49999903
49999921
49999991
